/media/yxhuang/database/COCO2017/val2017/000000289343.jpg 473,395,511,423,16 204,235,264,412,0 0,499,339,605,13 204,304,256,456,1
/media/yxhuang/database/COCO2017/val2017/000000061471.jpg 272,200,423,479,16 181,86,208,159,39 174,0,435,220,61
/media/yxhuang/database/COCO2017/val2017/000000472375.jpg 124,196,496,552,16 59,50,560,440,3 288,70,315,96,41 312,76,339,99,41
/media/yxhuang/database/COCO2017/val2017/000000520301.jpg 112,154,479,633,16
/media/yxhuang/database/COCO2017/val2017/000000579321.jpg 200,89,600,340,16 94,0,334,211,0
/media/yxhuang/database/COCO2017/val2017/000000494869.jpg 0,421,154,629,16 181,88,361,435,0 330,227,351,243,44 310,237,346,261,45 342,236,392,264,45 154,156,166,204,39 170,186,194,200,45 369,253,426,282,45 197,321,288,519,0
/media/yxhuang/database/COCO2017/val2017/000000554002.jpg 427,77,615,362,16 403,36,462,311,0 260,0,413,335,0 202,1,302,279,0 155,1,251,273,0 19,2,108,257,0 0,2,38,250,0 107,0,143,111,0 26,0,94,66,26 404,0,468,44,26 570,38,598,65,0 511,56,530,100,56 531,42,551,99,0 472,53,496,76,0
/media/yxhuang/database/COCO2017/val2017/000000078823.jpg 197,117,367,339,16 58,81,189,206,58 9,160,475,474,2 1,150,187,411,2 594,175,639,303,2
/media/yxhuang/database/COCO2017/val2017/000000419974.jpg 61,389,191,527,16 337,375,420,531,39 63,234,75,269,39 176,307,192,362,56 94,264,424,629,60 112,261,194,350,60 108,211,154,284,0 299,257,310,265,58 293,227,314,271,58 310,250,333,275,58 157,186,182,265,58 337,339,348,363,42 194,457,348,531,43 294,350,324,372,43 45,245,134,322,13 52,232,65,267,39 265,540,308,612,40 173,190,191,234,58 180,101,366,445,0 295,528,369,633,41 130,276,146,283,43 343,378,359,387,43 167,287,186,295,42 155,105,219,251,58 0,274,98,393,69
/media/yxhuang/database/COCO2017/val2017/000000404484.jpg 86,90,168,164,16 207,69,313,151,58 25,45,43,117,62 176,23,261,106,0 53,116,92,145,77
/media/yxhuang/database/COCO2017/val2017/000000329219.jpg 297,252,357,360,16 175,1,323,331,0 13,0,21,42,43 159,127,181,144,41 361,70,379,86,41 43,0,52,49,42 68,0,80,51,44 82,64,86,89,44 330,60,344,76,41 331,80,345,96,41 334,95,350,112,41 355,51,371,71,41 349,91,359,109,41 358,91,374,106,41 349,74,363,88,41 197,134,248,153,71 50,60,61,87,44 354,151,366,161,41 335,136,346,145,41 344,57,356,74,41 340,147,349,157,41
/media/yxhuang/database/COCO2017/val2017/000000068078.jpg 29,492,101,626,16 273,276,303,347,39 176,346,359,630,61 140,295,311,499,71
/media/yxhuang/database/COCO2017/val2017/000000170893.jpg 270,80,637,473,16 65,311,406,473,61
/media/yxhuang/database/COCO2017/val2017/000000065485.jpg 387,97,471,178,16 7,34,639,363,2
/media/yxhuang/database/COCO2017/val2017/000000498286.jpg 0,9,467,472,16 429,336,618,419,2 432,337,615,419,7
/media/yxhuang/database/COCO2017/val2017/000000424162.jpg 76,294,234,478,16 305,230,422,473,1 481,240,595,479,1 372,257,450,447,1 3,173,123,301,2 583,171,615,203,2 296,133,439,469,0 453,119,589,476,0 416,163,547,236,24 351,126,457,247,0 517,155,548,179,1 182,114,325,206,7 445,155,463,172,2
/media/yxhuang/database/COCO2017/val2017/000000061108.jpg 136,179,250,316,16 117,132,632,478,1 463,2,489,27,2 6,150,130,301,13 55,55,230,191,13 166,76,275,212,13 488,5,505,18,2 530,7,552,19,2 559,9,586,22,2
/media/yxhuang/database/COCO2017/val2017/000000067213.jpg 402,58,599,259,16 220,329,459,408,2 0,305,197,412,2 141,324,241,404,2 442,340,621,408,2 446,331,506,411,0 494,331,578,410,0 1,360,54,414,0 277,371,309,409,0 597,338,639,409,0 169,307,330,338,2 4,311,19,316,0 0,340,22,408,0 354,366,397,409,0
/media/yxhuang/database/COCO2017/val2017/000000365207.jpg 464,273,557,355,16 69,260,210,462,2 417,177,594,519,2 375,350,430,379,13 399,306,484,490,2
/media/yxhuang/database/COCO2017/val2017/000000131273.jpg 120,0,479,596,16
/media/yxhuang/database/COCO2017/val2017/000000279278.jpg 506,157,578,238,16 157,1,289,289,0 344,0,480,321,0 235,1,313,245,0 140,12,185,202,0 564,17,639,422,0 463,58,524,150,1 108,35,147,153,1 1,81,46,160,1 0,89,16,170,1 0,10,107,99,1 262,173,375,290,36 531,0,587,64,41 455,64,479,122,26 282,56,308,125,26 483,23,603,144,1 288,0,349,182,0 334,48,364,156,1 502,25,639,149,1 1,258,279,422,1 116,40,147,94,1 90,0,136,80,0 15,5,128,157,1
/media/yxhuang/database/COCO2017/val2017/000000482100.jpg 245,4,281,50,58 270,0,322,29,58 158,0,209,34,58 421,148,577,320,61 250,165,426,319,61 338,0,378,39,58 387,0,442,39,58
