	========【正形变换法】========
  *版本一测试暂定形式。

  一. 坐标转换参数
 公共点及十参数解算结果列表
 [[6], [2450571.2795045525], [357147.81144897453], [1.000194518124605], [0.005933565142612451], [-3.213792079681532e-11], [8.463979239703434e-10], [2.349080668080418e-15], [2.0007133645065307e-15], [-1.1864130558761426e-20], [1.332793146388932e-21]]

  二. 坐标转换结果
ID    X/m    Y/m  残差TETA_X/m  残差TETA_Y/m
C1, 2505788.3464, 406164.8164, 0.0096, 0.0134
C2, 2493391.9865, 422171.5174, 0.0075, 0.0064
C3, 2480377.79, 404904.413, 0.002, 0.01
C4, 2491974.3912, 390165.47, 0.0018, 0.016
C5, 2493038.1455, 405552.8237, 0.0055, 0.0117
D1, 2499150.5443, 409331.3142, 0.0077, 0.0112
D2, 2502256.523, 401423, None, None


  三. 详细解算参数(字典)
  3.1 para
   [6]
   [2450571.2795045525]
   [357147.81144897453]
   [1.000194518124605]
   [0.005933565142612451]
   [-3.213792079681532e-11]
   [8.463979239703434e-10]
   [2.349080668080418e-15]
   [2.0007133645065307e-15]
   [-1.1864130558761426e-20]
   [1.332793146388932e-21]
  3.2 correct
   [-0.00963909411802888]
   [0.013367438281420618]
   [-0.007509133312851191]
   [0.006358496844768524]
   [-0.001986366230994463]
   [0.009980589733459055]
   [-0.001844288781285286]
   [0.01602069614455104]
   [-0.00547276996076107]
   [0.01168749766657129]
   [-0.007730263285338879]
   [0.01124233240261674]
  3.3 correctResult
   [2505788.346360906]
   [406164.8163674383]
   [2493391.9864908666]
   [422171.51735849684]
   [2480377.7900136337]
   [404904.4129805897]
   [2491974.3911557114]
   [390165.4700206962]
   [2493038.14552723]
   [405552.82368749764]
   [2499150.544269737]
   [409331.3142423324]
  3.4 result
   [2505788.346360906, 406164.8163674383]
   [2493391.9864908666, 422171.51735849684]
   [2480377.7900136337, 404904.4129805897]
   [2491974.3911557114, 390165.4700206961]
   [2493038.1455272296, 405552.82368749764]
   [2499150.544269737, 409331.3142423324]
   [2502256.523001688, 401423.3860816794]
