 2  	 0  	  -0.001464510280293643 	  0.0                   	  1.2287364940361778e-14	  0                     	
 2  	 1  	  0.003889184256405888  	  8.484897273086337e-06 	  1.5755785613574686e-14	  6.859808730281435e-17 	
 2  	 2  	  0.00789896240512269   	  3.4465944093082916e-05	  2.009872058132427e-14 	  1.7501135843003413e-16	
 3  	 0  	  -0.00011129864377277301	  0.0                   	  5.599709187324878e-15 	  0                     	
 3  	 1  	  -0.0002880848059640375	  -6.285045457837948e-07	  8.59273546070208e-15  	  3.741135045626558e-17 	
 3  	 2  	  0.001768399512506802  	  7.716147464224805e-06 	  8.217338728508433e-15 	  7.155319204209932e-17 	
 3  	 3  	  0.003906778400536052  	  2.5570169954186925e-05	  9.940861748532434e-15 	  1.298393270448458e-16 	
 4  	 0  	  0.0003086553840969074 	  0.0                   	  3.441722818035291e-13 	  0                     	
 4  	 1  	  0.00037099850509799104	  8.093944633865476e-07 	  4.8221597885378004e-14	  2.099493745625273e-16 	
 4  	 2  	  4.989713962429584e-05 	  2.1771872513033185e-07	  2.336350926488131e-13 	  2.034386509280293e-15 	
 4  	 3  	  0.0010587503410023507 	  6.929603725353052e-06 	  1.1334089750928703e-14	  1.4802726567220202e-16	
 4  	 4  	  0.0025733718199834592 	  2.2457475649459976e-05	  1.965059878575086e-14 	  3.4218308033252204e-16	
 5  	 0  	  -0.000118151241592505 	  0.0                   	  9.761171492323649e-12 	  0                     	
 5  	 1  	  0.00038295317826300007	  8.354755557316457e-07 	  5.972405897171635e-11 	  2.6002871862742305e-13	
 5  	 2  	  0.0004658026385043386 	  2.0324603250028617e-06	  7.840855126853365e-12 	  6.827490800647146e-14 	
 5  	 3  	  0.0001529971073804809 	  1.0013780248403886e-06	  1.8075840537334186e-11	  2.3609163475329815e-13	
 5  	 4  	  0.0007111987631347398 	  6.20653757882805e-06  	  1.2134794561452087e-12	  2.1132134038528754e-14	
 5  	 5  	  0.001906684268730969  	  2.0799523921508213e-05	  1.0307763385119322e-12	  2.2437437140247176e-14	
 6  	 0  	  -6.270141165344874e-05	  0.0                   	  1.5849482314617205e-09	  0                     	
 6  	 1  	  -6.731941070812048e-05	  -1.4686840393388106e-07	  2.8831523443076655e-09	  1.255276895719027e-11 	
 6  	 2  	  0.00031168854430590445	  1.3600064656004449e-06	  1.4018096173394634e-09	  1.2206379072499874e-11	
 6  	 3  	  0.0004597667192565829 	  3.0092091092386183e-06	  1.1252671139588138e-09	  1.4697309892696034e-11	
 6  	 4  	  0.00019089053514607837	  1.6658764627270196e-06	  3.096673457988441e-10 	  5.392706371289178e-12 	
 6  	 5  	  0.0005096466488984894 	  5.559603044470459e-06 	  1.2413050412096753e-10	  2.7020136233045037e-12	
 6  	 6  	  0.001507122385598577  	  1.9729312762092697e-05	  1.3101116805038517e-11	  3.4220281898070595e-13	
 7  	 0  	  9.377883655658863e-05 	  0.0                   	  1.9088813379266125e-15	  0                     	
 7  	 1  	  4.8357007262404834e-05	  1.0549879152153353e-07	  2.8689028626963753e-09	  1.2490729070829228e-11	
 7  	 2  	  -9.613264666664343e-06	  -4.194604627291111e-08	  2.7842441888394496e-15	  9.615230678174151e-10 	
 7  	 3  	  0.0002504501452382691 	  1.6392157737727423e-06	  1.4186430372427964e-09	  1.852914402053771e-11 	
 7  	 4  	  0.000426344174284179  	  3.7206492423382543e-06	  2.8819974753377653e-15	  5.270741058553729e-10 	
 7  	 5  	  0.00020525931927291147	  2.2391206511453148e-06	  2.8351575432730057e-10	  6.171435944856422e-12 	
 7  	 6  	  0.0003808127992599215 	  4.985112617395728e-06 	  2.5986733178871834e-09	  6.787765909150123e-11 	
 7  	 7  	  0.0012412156510157666 	  1.89568611042549e-05  	  1.1610696054421544e-11	  3.5380365898339194e-13	
 8  	 0  	  -2.2732383018249897e-05	  0.0                   	  5.518802827891281e-15 	  0                     	
 8  	 1  	  0.00014233513838521754	  3.105275934303941e-07 	  3.2450399721386906e-15	  1.2081355790990046e-08	
 8  	 2  	  0.00011512326422353009	  5.02323189431584e-07  	  5.344461530368836e-15 	  7.344710495124775e-09 	
 8  	 3  	  2.758006788008595e-05 	  1.8051369971356598e-07	  2.344995256122243e-15 	  1.4458018266396079e-08	
 8  	 4  	  0.0002020835615936361 	  1.7635565247133224e-06	  2.8324569468551398e-15	  4.6645553774872734e-09	
 8  	 5  	  0.0003866967933676257 	  4.21837497477949e-06  	  2.4438389718086956e-15	  6.251402861729389e-09 	
 8  	 6  	  0.00020967383230248592	  2.744780818765e-06    	  2.306022720971146e-15 	  8.846086046536569e-10 	
 8  	 7  	  0.00029304239923754453	  4.4755833166119025e-06	  2.502568394944544e-15 	  6.203790126183084e-10 	
 8  	 8  	  0.0010516913623772172 	  1.835734101473993e-05 	  8.162935856939289e-10 	  2.842640028219862e-11 	
 9  	 0  	  -4.110699678138901e-05	  0.0                   	  1.0891636340927286e-13	  0                     	
 9  	 1  	  -1.8630970052998627e-05	  -4.064653577090469e-08	  5.2614759337571426e-14	  1.1818092550432673e-08	
 9  	 2  	  0.00013249904114382162	  5.781397999170648e-07 	  1.1047705041370912e-13	  1.2207367510279922e-08	
 9  	 3  	  0.00014648383154863302	  9.587481254951897e-07 	  2.8181355361291127e-14	  9.675301905905331e-09 	
 9  	 4  	  5.317006941549911e-05 	  4.640081662145285e-07 	  4.147248984390315e-14 	  1.4371684271860596e-08	
 9  	 5  	  0.00016481918871158664	  1.7979697606735396e-06	  7.667827588424703e-15 	  1.3068908919299886e-08	
 9  	 6  	  0.0003477079496832848 	  4.5517463974519535e-06	  6.859428872685856e-15 	  1.4816385135752702e-08	
 9  	 7  	  0.0002094045563963745 	  3.198197740219891e-06 	  2.014413755160177e-15 	  1.4852129013482885e-08	
 9  	 8  	  0.00023049041519225094	  4.0232251625125704e-06	  2.3437328858632586e-15	  2.2028094507469164e-09	
 9  	 9  	  0.0009098943561564607 	  1.786803019332386e-05 	  1.2488085097315433e-08	  4.892158631009078e-10 	
 10 	 0  	  4.072151491285607e-05 	  0.0                   	  1.0127875643174689e-12	  0                     	
 10 	 1  	  -1.6480306217428838e-06	  -3.59545076974863e-09 	  1.5703425329017823e-12	  1.2848075460758292e-08	
 10 	 2  	  -5.721596163027068e-06	  -2.496533131366705e-08	  1.0700775660531237e-12	  8.096228251915854e-09 	
 10 	 3  	  0.0001166901206267424 	  7.637459590723059e-07 	  8.775475971703386e-13 	  1.3800279354499475e-08	
 10 	 4  	  0.00015868885452843256	  1.3848566533365855e-06	  4.3170716025435485e-13	  6.8165854086072205e-09	
 10 	 5  	  7.139991091463772e-05 	  7.788831005832949e-07 	  2.744243713297108e-13 	  6.078370580273053e-09 	
 10 	 6  	  0.00013634680113540408	  1.784877399085846e-06 	  9.215591749997878e-14 	  1.3576629858339522e-08	
 10 	 7  	  0.0003116251934592354 	  4.759394956193835e-06 	  3.922981669720482e-14 	  3.5523890444294383e-09	
 10 	 8  	  0.00020676783114531987	  3.6091459177082884e-06	  8.156577033935223e-15 	  1.4034262353069057e-08	
 10 	 9  	  0.00018438829048187362	  3.620920955639995e-06 	  3.422053893529017e-15 	  1.1019851564399379e-09	
 10 	 10 	  0.0007999009226171175 	  1.7453900221534477e-05	  2.1946015917219267e-15	  3.1833559335878797e-09	
 11 	 0  	  3.5800492217218996e-07	  0.0                   	  9.393125383408418e-12 	  0                     	
 11 	 1  	  7.214188206830156e-05 	  1.5738942104078236e-07	  1.841445008629594e-11 	  8.01734658615336e-14  	
 11 	 2  	  3.580141197478202e-05 	  1.5621412032244007e-07	  1.0278765685822755e-11	  8.950322884367871e-14 	
 11 	 3  	  6.765727520572269e-06 	  4.4282215377512855e-08	  1.0828107074173365e-11	  1.4142782065362965e-13	
 11 	 4  	  0.00010035688491790376	  8.758012665709407e-07 	  4.5760929767713066e-12	  7.969042330050521e-14 	
 11 	 5  	  0.0001601285349763129 	  1.7468006362545958e-06	  3.6598087841538396e-12	  7.966498351296737e-14 	
 11 	 6  	  8.454841814905762e-05 	  1.1067994219596494e-06	  1.11671403461161e-12  	  8.93400389287743e-09  	
 11 	 7  	  0.0001146655417899056 	  1.7512659845825333e-06	  6.604167896145235e-13 	  9.346626989605544e-09 	
 11 	 8  	  0.0002790341623921621 	  4.8705594217459985e-06	  1.31803242771995e-13  	  7.043188023958215e-09 	
 11 	 9  	  0.00020288097904908362	  3.9840707163115774e-06	  5.711211465233602e-14 	  6.418409866955854e-09 	
 11 	 10 	  0.00014951533218122168	  3.2624361538957234e-06	  4.920545416009259e-15 	  1.3948462393699561e-08	
 11 	 11 	  0.000712156759231172  	  1.7093816996206785e-05	  3.639726726493975e-15 	  1.1696860820305826e-08	
 12 	 0  	  -2.8174123518613125e-05	  0.0                   	  3.275476938291444e-11 	  0                     	
 12 	 1  	  -2.8799962399905095e-07	  -6.283187072699213e-10	  2.2177888692187508e-10	  9.655886252244242e-13 	
 12 	 2  	  7.408117201220445e-05 	  3.2324214269798624e-07	  3.785946642992366e-11 	  3.296646064313881e-13 	
 12 	 3  	  5.987531919819084e-05 	  3.9188864353014177e-07	  1.3803178045002085e-10	  1.8028570986355213e-12	
 12 	 4  	  1.855306022791539e-05 	  1.6191010372300281e-07	  2.0111961141627832e-11	  3.5024002605467744e-13	
 12 	 5  	  8.564998366210837e-05 	  9.34333446429759e-07  	  5.0695293449254386e-11	  1.103511000025842e-12 	
 12 	 6  	  0.00015545881354778906	  2.0350673464982347e-06	  6.690176624496447e-12 	  1.7474820283294376e-13	
 12 	 7  	  9.397295385242599e-05 	  1.4352318489370757e-06	  1.0729618799346086e-11	  3.269553207276184e-13 	
 12 	 8  	  9.819572556071965e-05 	  1.714012765335797e-06 	  1.2287344535941158e-12	  4.278911277491755e-14 	
 12 	 9  	  0.00024990060321999354	  4.9074175407863205e-06	  1.0832699212474928e-12	  1.0517447271935968e-08	
 12 	 10 	  0.00019832413080083926	  4.327447928419639e-06 	  1.0895738860304018e-13	  1.4221268141790817e-08	
 12 	 11 	  0.00012258472831227574	  2.942387171276673e-06 	  4.8760789073717514e-14	  1.3125514202500757e-08	
 12 	 12 	  0.0006405827598143276 	  1.677424990707129e-05 	  4.56968229346034e-15  	  1.3822089952738968e-08	
 13 	 0  	  1.884760184805764e-05 	  0.0                   	  9.45680200814536e-10  	  0                     	
 13 	 1  	  -1.269718668326107e-05	  -2.7701008119432897e-08	  8.803715291494374e-10 	  3.832992178320026e-12 	
 13 	 2  	  7.9167605367255e-07   	  3.4543603585219316e-09	  1.0815918299877936e-09	  9.418055094481681e-12 	
 13 	 3  	  6.981618024632075e-05 	  4.5695235598866304e-07	  5.544163244816658e-10 	  7.241328210346766e-12 	
 13 	 4  	  7.444095235008051e-05 	  6.496363493773273e-07 	  5.770614958100495e-10 	  1.0049245290078002e-11	
 13 	 5  	  2.932960631190086e-05 	  3.199490645081084e-07 	  2.075091435488341e-10 	  4.516960193872528e-12 	
 13 	 6  	  7.329126951315633e-05 	  9.594352739851281e-07 	  1.9427121022985716e-10	  5.074387416335868e-12 	
 13 	 7  	  0.00014739920005264848	  2.2512011993964495e-06	  4.5065185998584105e-11	  6.162258476276793e-09 	
 13 	 8  	  0.00010055597573900114	  1.7552110854445369e-06	  3.9236241859696985e-11	  1.366353021394276e-12 	
 13 	 9  	  8.572403668533001e-05 	  1.6834038648808726e-06	  5.188954409381108e-12 	  1.2474927782915284e-08	
 13 	 10 	  0.00022396715061233079	  4.8869806111727e-06   	  3.937122221124578e-12 	  1.713621581331086e-13 	
 13 	 11 	  0.0001934171663164379 	  4.64257005509211e-06  	  2.929969939900138e-13 	  2.6760356703135053e-09	
 13 	 12 	  0.00010143396326269873	  2.656141806448817e-06 	  1.7780038102628917e-13	  1.1057477689258909e-08	
 13 	 13 	  0.0005811271617072582 	  1.648611691660504e-05 	  5.7161976093809096e-15	  1.4735638875426664e-08	
